ux1=1;
u0=0;
f=

